111000
111000
110010
111000
010101
110001
110001
111000
110100
110100
111000
110001
110001
111000
111000
111000
110001
111000
111000
111000
110010
111000
000111
111000
111000
111000
111000
111000
110001
011001
111000
100011
100110
001101
111000
101010
100101
100110
000111
011100
101100
111000
110010
110001
110001
111000
110001
111000
110100
101001
110010
110001
110001
110001
111000
011010
011010
111000
110001
100101
110001
001110
110001
110010
110100
110001
110001
011001
111000
110001
111000
110010
010011
100101
010110
000111
011001
111000
111000
111000
110001
111000
111000
111000
111000
111000
110001
111000
101001
011001
101001
111000
110001
111000
110001
100011
110010
110100
000111
011001
011010
111000
110010
000111
111000
001110
111000
001101
111000
111000
110001
011001
110001
100101
111000
110001
111000
111000
111000
100101
100101
111000
100011
110001
111000
110001
110001
111000
011100
100101
011100
111000
111000
111000
100110
000111
101010
001101
111000
011100
111000
110001
001101
011001
110010
011100
011100
101001
111000
101001
111000
011100
110001
110001
110001
100101
111000
100110
101001
100011
111000
000111
011001
011001
110001
101001
111000
011010
000111
100110
110001
000111
110001
111000
010110
011100
110100
011010
111000
000111
000111
101001
101001
101001
110001
100101
110100
100101
011010
100101
110010
110001
100101
110001
100101
110001
111000
110100
011001
000111
110010
011001
010011
011100
100011
000111
011010
101001
000111
100110
011100
100011
110001
011001
011001
100101
111000
111000
110001
111000
100011
100101
110001
110001
000111
100101
100101
110001
110001
111000
110001
110001
101100
000111
111000
110001
111000
010110
110100
001110
100110
011001
110001
100011
011010
101001
000111
111000
100101
110010
001101
000111
101010
101001
111000
110100
111000
111000
110100
111000
001110
101001
110001
110001
100101
011001
110001
110010
001101
011001
100011
010101
101001
011100
111000
010110
011001
000111
000111
011100
111000
010110
000111
011001
000111
000111
